  0.15500000E+01  0.13000000E+01  0.13000000E+01  0.13000000E+01  0.17000000E+01
  0.12000000E+01  0.17000000E+01  0.12000000E+01  0.12000000E+01  0.17000000E+01
  0.12000000E+01  0.12000000E+01  0.18000000E+01  0.17000000E+01  0.12000000E+01
  0.12000000E+01  0.12000000E+01  0.17000000E+01  0.15000000E+01  0.15500000E+01
  0.13000000E+01  0.17000000E+01  0.12000000E+01  0.17000000E+01  0.12000000E+01
  0.17000000E+01  0.12000000E+01  0.12000000E+01  0.12000000E+01  0.17000000E+01
  0.12000000E+01  0.12000000E+01  0.12000000E+01  0.17000000E+01  0.15000000E+01
  0.15500000E+01  0.13000000E+01  0.17000000E+01  0.12000000E+01  0.17000000E+01
  0.12000000E+01  0.15000000E+01  0.12000000E+01  0.17000000E+01  0.12000000E+01
  0.12000000E+01  0.12000000E+01  0.17000000E+01  0.15000000E+01  0.15500000E+01
  0.17000000E+01  0.12000000E+01  0.12000000E+01  0.17000000E+01  0.12000000E+01
  0.17000000E+01  0.12000000E+01  0.12000000E+01  0.17000000E+01  0.12000000E+01
  0.12000000E+01  0.17000000E+01  0.15000000E+01  0.15500000E+01  0.13000000E+01
  0.17000000E+01  0.12000000E+01  0.17000000E+01  0.12000000E+01  0.12000000E+01
  0.17000000E+01  0.12000000E+01  0.12000000E+01  0.17000000E+01  0.12000000E+01
  0.12000000E+01  0.15500000E+01  0.13000000E+01  0.17000000E+01  0.15500000E+01
  0.13000000E+01  0.13000000E+01  0.15500000E+01  0.13000000E+01  0.13000000E+01
  0.17000000E+01  0.15000000E+01  0.15500000E+01  0.13000000E+01  0.17000000E+01
  0.12000000E+01  0.17000000E+01  0.12000000E+01  0.12000000E+01  0.17000000E+01
  0.12000000E+01  0.12000000E+01  0.17000000E+01  0.15000000E+01  0.15000000E+01
  0.17000000E+01  0.15000000E+01  0.15500000E+01  0.17000000E+01  0.12000000E+01
  0.12000000E+01  0.17000000E+01  0.12000000E+01  0.17000000E+01  0.12000000E+01
  0.12000000E+01  0.17000000E+01  0.12000000E+01  0.12000000E+01  0.17000000E+01
  0.15000000E+01  0.15500000E+01  0.13000000E+01  0.17000000E+01  0.12000000E+01
  0.17000000E+01  0.12000000E+01  0.12000000E+01  0.17000000E+01  0.12000000E+01
  0.12000000E+01  0.17000000E+01  0.12000000E+01  0.12000000E+01  0.17000000E+01
  0.12000000E+01  0.12000000E+01  0.15500000E+01  0.13000000E+01  0.13000000E+01
  0.13000000E+01  0.17000000E+01  0.15000000E+01  0.15500000E+01  0.13000000E+01
  0.17000000E+01  0.12000000E+01  0.17000000E+01  0.12000000E+01  0.12000000E+01
  0.17000000E+01  0.12000000E+01  0.12000000E+01  0.17000000E+01  0.12000000E+01
  0.12000000E+01  0.17000000E+01  0.12000000E+01  0.12000000E+01  0.15500000E+01
  0.13000000E+01  0.13000000E+01  0.13000000E+01  0.17000000E+01  0.15000000E+01
  0.15500000E+01  0.13000000E+01  0.17000000E+01  0.12000000E+01  0.17000000E+01
  0.12000000E+01  0.12000000E+01  0.17000000E+01  0.12000000E+01  0.12000000E+01
  0.17000000E+01  0.12000000E+01  0.12000000E+01  0.15500000E+01  0.13000000E+01
  0.17000000E+01  0.15500000E+01  0.13000000E+01  0.13000000E+01  0.15500000E+01
  0.13000000E+01  0.13000000E+01  0.17000000E+01  0.15000000E+01  0.15500000E+01
  0.13000000E+01  0.17000000E+01  0.12000000E+01  0.17000000E+01  0.12000000E+01
  0.15000000E+01  0.12000000E+01  0.17000000E+01  0.12000000E+01  0.12000000E+01
  0.12000000E+01  0.17000000E+01  0.15000000E+01  0.15500000E+01  0.13000000E+01
  0.17000000E+01  0.12000000E+01  0.17000000E+01  0.12000000E+01  0.15000000E+01
  0.12000000E+01  0.17000000E+01  0.12000000E+01  0.12000000E+01  0.12000000E+01
  0.17000000E+01  0.15000000E+01  0.15500000E+01  0.13000000E+01  0.17000000E+01
  0.12000000E+01  0.17000000E+01  0.12000000E+01  0.12000000E+01  0.17000000E+01
  0.12000000E+01  0.12000000E+01  0.17000000E+01  0.12000000E+01  0.12000000E+01
  0.15500000E+01  0.13000000E+01  0.17000000E+01  0.15500000E+01  0.13000000E+01
  0.13000000E+01  0.15500000E+01  0.13000000E+01  0.13000000E+01  0.17000000E+01
  0.15000000E+01  0.15500000E+01  0.13000000E+01  0.17000000E+01  0.12000000E+01
  0.17000000E+01  0.12000000E+01  0.12000000E+01  0.17000000E+01  0.12000000E+01
  0.12000000E+01  0.17000000E+01  0.12000000E+01  0.12000000E+01  0.17000000E+01
  0.12000000E+01  0.12000000E+01  0.15500000E+01  0.13000000E+01  0.13000000E+01
  0.13000000E+01  0.17000000E+01  0.15000000E+01  0.15500000E+01  0.13000000E+01
  0.17000000E+01  0.12000000E+01  0.17000000E+01  0.12000000E+01  0.12000000E+01
  0.17000000E+01  0.12000000E+01  0.12000000E+01  0.17000000E+01  0.12000000E+01
  0.12000000E+01  0.17000000E+01  0.12000000E+01  0.12000000E+01  0.15500000E+01
  0.13000000E+01  0.13000000E+01  0.13000000E+01  0.17000000E+01  0.15000000E+01
  0.15500000E+01  0.13000000E+01  0.17000000E+01  0.12000000E+01  0.17000000E+01
  0.12000000E+01  0.12000000E+01  0.17000000E+01  0.12000000E+01  0.12000000E+01
  0.17000000E+01  0.12000000E+01  0.12000000E+01  0.17000000E+01  0.12000000E+01
  0.12000000E+01  0.15500000E+01  0.13000000E+01  0.13000000E+01  0.13000000E+01
  0.17000000E+01  0.15000000E+01  0.15500000E+01  0.13000000E+01  0.17000000E+01
  0.12000000E+01  0.17000000E+01  0.12000000E+01  0.12000000E+01  0.17000000E+01
  0.15000000E+01  0.15000000E+01  0.17000000E+01  0.15000000E+01  0.15500000E+01
  0.17000000E+01  0.12000000E+01  0.12000000E+01  0.17000000E+01  0.12000000E+01
  0.17000000E+01  0.12000000E+01  0.12000000E+01  0.17000000E+01  0.12000000E+01
  0.12000000E+01  0.17000000E+01  0.15000000E+01  0.15500000E+01  0.13000000E+01
  0.17000000E+01  0.12000000E+01  0.17000000E+01  0.12000000E+01  0.12000000E+01
  0.17000000E+01  0.15000000E+01  0.15500000E+01  0.13000000E+01  0.13000000E+01
  0.17000000E+01  0.15000000E+01  0.15500000E+01  0.13000000E+01  0.17000000E+01
  0.12000000E+01  0.17000000E+01  0.12000000E+01  0.12000000E+01  0.12000000E+01
  0.17000000E+01  0.15000000E+01  0.15500000E+01  0.17000000E+01  0.12000000E+01
  0.12000000E+01  0.17000000E+01  0.12000000E+01  0.17000000E+01  0.12000000E+01
  0.12000000E+01  0.17000000E+01  0.12000000E+01  0.12000000E+01  0.17000000E+01
  0.15000000E+01  0.15500000E+01  0.13000000E+01  0.17000000E+01  0.12000000E+01
  0.17000000E+01  0.12000000E+01  0.12000000E+01  0.17000000E+01  0.12000000E+01
  0.12000000E+01  0.17000000E+01  0.12000000E+01  0.12000000E+01  0.17000000E+01
  0.12000000E+01  0.12000000E+01  0.15500000E+01  0.13000000E+01  0.13000000E+01
  0.13000000E+01  0.17000000E+01  0.15000000E+01  0.15500000E+01  0.13000000E+01
  0.17000000E+01  0.12000000E+01  0.17000000E+01  0.12000000E+01  0.12000000E+01
  0.17000000E+01  0.12000000E+01  0.12000000E+01  0.17000000E+01  0.12000000E+01
  0.12000000E+01  0.15500000E+01  0.13000000E+01  0.17000000E+01  0.15500000E+01
  0.13000000E+01  0.13000000E+01  0.15500000E+01  0.13000000E+01  0.13000000E+01
  0.17000000E+01  0.15000000E+01  0.15500000E+01  0.13000000E+01  0.17000000E+01
  0.12000000E+01  0.17000000E+01  0.12000000E+01  0.12000000E+01  0.12000000E+01
  0.17000000E+01  0.15000000E+01  0.15500000E+01  0.13000000E+01  0.17000000E+01
  0.12000000E+01  0.17000000E+01  0.12000000E+01  0.12000000E+01  0.17000000E+01
  0.12000000E+01  0.17000000E+01  0.12000000E+01  0.12000000E+01  0.12000000E+01
  0.17000000E+01  0.12000000E+01  0.12000000E+01  0.12000000E+01  0.17000000E+01
  0.15000000E+01  0.15500000E+01  0.13000000E+01  0.17000000E+01  0.12000000E+01
  0.17000000E+01  0.12000000E+01  0.12000000E+01  0.15000000E+01  0.12000000E+01
  0.17000000E+01  0.15000000E+01  0.15500000E+01  0.13000000E+01  0.17000000E+01
  0.12000000E+01  0.17000000E+01  0.12000000E+01  0.12000000E+01  0.12000000E+01
  0.17000000E+01  0.15000000E+01  0.15500000E+01  0.13000000E+01  0.17000000E+01
  0.12000000E+01  0.17000000E+01  0.12000000E+01  0.12000000E+01  0.17000000E+01
  0.17000000E+01  0.12000000E+01  0.17000000E+01  0.12000000E+01  0.17000000E+01
  0.15000000E+01  0.12000000E+01  0.17000000E+01  0.12000000E+01  0.17000000E+01
  0.12000000E+01  0.17000000E+01  0.15000000E+01  0.15500000E+01  0.13000000E+01
  0.17000000E+01  0.12000000E+01  0.17000000E+01  0.12000000E+01  0.12000000E+01
  0.17000000E+01  0.12000000E+01  0.12000000E+01  0.18000000E+01  0.17000000E+01
  0.12000000E+01  0.12000000E+01  0.12000000E+01  0.17000000E+01  0.15000000E+01
  0.15500000E+01  0.13000000E+01  0.17000000E+01  0.12000000E+01  0.17000000E+01
  0.12000000E+01  0.12000000E+01  0.17000000E+01  0.17000000E+01  0.12000000E+01
  0.17000000E+01  0.12000000E+01  0.17000000E+01  0.12000000E+01  0.17000000E+01
  0.12000000E+01  0.17000000E+01  0.12000000E+01  0.17000000E+01  0.15000000E+01
  0.15500000E+01  0.13000000E+01  0.17000000E+01  0.12000000E+01  0.17000000E+01
  0.12000000E+01  0.12000000E+01  0.17000000E+01  0.17000000E+01  0.12000000E+01
  0.17000000E+01  0.12000000E+01  0.17000000E+01  0.12000000E+01  0.17000000E+01
  0.12000000E+01  0.17000000E+01  0.12000000E+01  0.17000000E+01  0.15000000E+01
  0.15500000E+01  0.13000000E+01  0.17000000E+01  0.12000000E+01  0.17000000E+01
  0.12000000E+01  0.12000000E+01  0.12000000E+01  0.17000000E+01  0.15000000E+01
  0.15500000E+01  0.13000000E+01  0.17000000E+01  0.12000000E+01  0.17000000E+01
  0.12000000E+01  0.12000000E+01  0.17000000E+01  0.15000000E+01  0.15500000E+01
  0.13000000E+01  0.13000000E+01  0.17000000E+01  0.15000000E+01  0.15500000E+01
  0.13000000E+01  0.17000000E+01  0.12000000E+01  0.17000000E+01  0.12000000E+01
  0.12000000E+01  0.17000000E+01  0.12000000E+01  0.12000000E+01  0.17000000E+01
  0.15000000E+01  0.15000000E+01  0.17000000E+01  0.15000000E+01  0.15500000E+01
  0.13000000E+01  0.17000000E+01  0.12000000E+01  0.17000000E+01  0.12000000E+01
  0.12000000E+01  0.17000000E+01  0.15000000E+01  0.15500000E+01  0.13000000E+01
  0.13000000E+01  0.17000000E+01  0.15000000E+01  0.15500000E+01  0.13000000E+01
  0.17000000E+01  0.12000000E+01  0.17000000E+01  0.12000000E+01  0.12000000E+01
  0.17000000E+01  0.12000000E+01  0.12000000E+01  0.17000000E+01  0.12000000E+01
  0.12000000E+01  0.15500000E+01  0.13000000E+01  0.17000000E+01  0.15500000E+01
  0.13000000E+01  0.13000000E+01  0.15500000E+01  0.13000000E+01  0.13000000E+01
  0.17000000E+01  0.15000000E+01  0.15500000E+01  0.13000000E+01  0.17000000E+01
  0.12000000E+01  0.17000000E+01  0.12000000E+01  0.12000000E+01  0.17000000E+01
  0.15000000E+01  0.15000000E+01  0.17000000E+01  0.15000000E+01  0.15500000E+01
  0.13000000E+01  0.17000000E+01  0.12000000E+01  0.17000000E+01  0.12000000E+01
  0.17000000E+01  0.12000000E+01  0.12000000E+01  0.12000000E+01  0.17000000E+01
  0.12000000E+01  0.12000000E+01  0.17000000E+01  0.12000000E+01  0.12000000E+01
  0.12000000E+01  0.17000000E+01  0.15000000E+01  0.15500000E+01  0.13000000E+01
  0.17000000E+01  0.12000000E+01  0.17000000E+01  0.12000000E+01  0.17000000E+01
  0.12000000E+01  0.12000000E+01  0.12000000E+01  0.17000000E+01  0.12000000E+01
  0.12000000E+01  0.12000000E+01  0.17000000E+01  0.15000000E+01  0.15500000E+01
  0.13000000E+01  0.17000000E+01  0.12000000E+01  0.17000000E+01  0.12000000E+01
  0.12000000E+01  0.17000000E+01  0.12000000E+01  0.12000000E+01  0.17000000E+01
  0.12000000E+01  0.12000000E+01  0.15500000E+01  0.13000000E+01  0.17000000E+01
  0.15500000E+01  0.13000000E+01  0.13000000E+01  0.15500000E+01  0.13000000E+01
  0.13000000E+01  0.17000000E+01  0.15000000E+01  0.15500000E+01  0.13000000E+01
  0.17000000E+01  0.12000000E+01  0.17000000E+01  0.12000000E+01  0.12000000E+01
  0.15000000E+01  0.12000000E+01  0.17000000E+01  0.15000000E+01  0.15500000E+01
  0.13000000E+01  0.17000000E+01  0.12000000E+01  0.17000000E+01  0.12000000E+01
  0.12000000E+01  0.17000000E+01  0.12000000E+01  0.12000000E+01  0.17000000E+01
  0.15000000E+01  0.15000000E+01  0.17000000E+01  0.15000000E+01  0.15500000E+01
  0.13000000E+01  0.17000000E+01  0.12000000E+01  0.17000000E+01  0.12000000E+01
  0.12000000E+01  0.17000000E+01  0.15000000E+01  0.15500000E+01  0.13000000E+01
  0.13000000E+01  0.17000000E+01  0.15000000E+01  0.15500000E+01  0.17000000E+01
  0.12000000E+01  0.12000000E+01  0.17000000E+01  0.12000000E+01  0.17000000E+01
  0.12000000E+01  0.12000000E+01  0.17000000E+01  0.12000000E+01  0.12000000E+01
  0.17000000E+01  0.15000000E+01  0.15500000E+01  0.13000000E+01  0.17000000E+01
  0.12000000E+01  0.17000000E+01  0.12000000E+01  0.12000000E+01  0.17000000E+01
  0.15000000E+01  0.15000000E+01  0.17000000E+01  0.15000000E+01  0.15500000E+01
  0.13000000E+01  0.17000000E+01  0.12000000E+01  0.17000000E+01  0.12000000E+01
  0.17000000E+01  0.12000000E+01  0.12000000E+01  0.12000000E+01  0.17000000E+01
  0.12000000E+01  0.12000000E+01  0.17000000E+01  0.12000000E+01  0.12000000E+01
  0.12000000E+01  0.17000000E+01  0.15000000E+01  0.15500000E+01  0.13000000E+01
  0.17000000E+01  0.12000000E+01  0.17000000E+01  0.12000000E+01  0.15000000E+01
  0.12000000E+01  0.17000000E+01  0.12000000E+01  0.12000000E+01  0.12000000E+01
  0.17000000E+01  0.15000000E+01  0.15500000E+01  0.13000000E+01  0.17000000E+01
  0.12000000E+01  0.17000000E+01  0.12000000E+01  0.12000000E+01  0.17000000E+01
  0.17000000E+01  0.12000000E+01  0.17000000E+01  0.12000000E+01  0.17000000E+01
  0.12000000E+01  0.17000000E+01  0.12000000E+01  0.17000000E+01  0.12000000E+01
  0.17000000E+01  0.15000000E+01  0.15500000E+01  0.13000000E+01  0.17000000E+01
  0.12000000E+01  0.12000000E+01  0.17000000E+01  0.15000000E+01  0.15500000E+01
  0.13000000E+01  0.17000000E+01  0.12000000E+01  0.17000000E+01  0.12000000E+01
  0.12000000E+01  0.17000000E+01  0.12000000E+01  0.12000000E+01  0.17000000E+01
  0.15000000E+01  0.15500000E+01  0.13000000E+01  0.13000000E+01  0.17000000E+01
  0.15000000E+01  0.15500000E+01  0.13000000E+01  0.17000000E+01  0.12000000E+01
  0.17000000E+01  0.12000000E+01  0.17000000E+01  0.12000000E+01  0.12000000E+01
  0.12000000E+01  0.17000000E+01  0.12000000E+01  0.12000000E+01  0.12000000E+01
  0.17000000E+01  0.15000000E+01  0.15500000E+01  0.13000000E+01  0.17000000E+01
  0.12000000E+01  0.12000000E+01  0.17000000E+01  0.15000000E+01  0.15500000E+01
  0.13000000E+01  0.17000000E+01  0.12000000E+01  0.17000000E+01  0.12000000E+01
  0.12000000E+01  0.17000000E+01  0.12000000E+01  0.12000000E+01  0.17000000E+01
  0.12000000E+01  0.12000000E+01  0.17000000E+01  0.12000000E+01  0.12000000E+01
  0.15500000E+01  0.13000000E+01  0.13000000E+01  0.13000000E+01  0.17000000E+01
  0.15000000E+01  0.15500000E+01  0.13000000E+01  0.17000000E+01  0.12000000E+01
  0.17000000E+01  0.12000000E+01  0.12000000E+01  0.17000000E+01  0.12000000E+01
  0.12000000E+01  0.17000000E+01  0.12000000E+01  0.12000000E+01  0.17000000E+01
  0.12000000E+01  0.12000000E+01  0.15500000E+01  0.13000000E+01  0.13000000E+01
  0.13000000E+01  0.17000000E+01  0.15000000E+01  0.15500000E+01  0.13000000E+01
  0.17000000E+01  0.12000000E+01  0.17000000E+01  0.12000000E+01  0.12000000E+01
  0.17000000E+01  0.12000000E+01  0.17000000E+01  0.12000000E+01  0.12000000E+01
  0.12000000E+01  0.17000000E+01  0.12000000E+01  0.12000000E+01  0.12000000E+01
  0.17000000E+01  0.15000000E+01  0.15500000E+01  0.13000000E+01  0.17000000E+01
  0.12000000E+01  0.12000000E+01  0.17000000E+01  0.15000000E+01  0.15500000E+01
  0.13000000E+01  0.17000000E+01  0.12000000E+01  0.17000000E+01  0.12000000E+01
  0.12000000E+01  0.17000000E+01  0.12000000E+01  0.12000000E+01  0.17000000E+01
  0.15000000E+01  0.15000000E+01  0.17000000E+01  0.15000000E+01  0.15500000E+01
  0.13000000E+01  0.17000000E+01  0.12000000E+01  0.17000000E+01  0.12000000E+01
  0.12000000E+01  0.17000000E+01  0.12000000E+01  0.12000000E+01  0.17000000E+01
  0.12000000E+01  0.12000000E+01  0.17000000E+01  0.12000000E+01  0.12000000E+01
  0.15500000E+01  0.13000000E+01  0.13000000E+01  0.13000000E+01  0.17000000E+01
  0.15000000E+01  0.15500000E+01  0.13000000E+01  0.17000000E+01  0.12000000E+01
  0.17000000E+01  0.12000000E+01  0.12000000E+01  0.17000000E+01  0.17000000E+01
  0.12000000E+01  0.15500000E+01  0.13000000E+01  0.17000000E+01  0.17000000E+01
  0.17000000E+01  0.12000000E+01  0.17000000E+01  0.12000000E+01  0.17000000E+01
  0.12000000E+01  0.17000000E+01  0.12000000E+01  0.17000000E+01  0.15000000E+01
  0.15500000E+01  0.13000000E+01  0.17000000E+01  0.12000000E+01  0.17000000E+01
  0.12000000E+01  0.12000000E+01  0.17000000E+01  0.12000000E+01  0.12000000E+01
  0.17000000E+01  0.12000000E+01  0.12000000E+01  0.17000000E+01  0.12000000E+01
  0.12000000E+01  0.15500000E+01  0.13000000E+01  0.13000000E+01  0.13000000E+01
  0.17000000E+01  0.15000000E+01  0.15500000E+01  0.13000000E+01  0.17000000E+01
  0.12000000E+01  0.17000000E+01  0.12000000E+01  0.12000000E+01  0.12000000E+01
  0.17000000E+01  0.15000000E+01  0.15500000E+01  0.13000000E+01  0.17000000E+01
  0.12000000E+01  0.17000000E+01  0.12000000E+01  0.12000000E+01  0.17000000E+01
  0.12000000E+01  0.17000000E+01  0.12000000E+01  0.12000000E+01  0.12000000E+01
  0.17000000E+01  0.12000000E+01  0.12000000E+01  0.12000000E+01  0.17000000E+01
  0.15000000E+01  0.15500000E+01  0.13000000E+01  0.17000000E+01  0.12000000E+01
  0.17000000E+01  0.12000000E+01  0.15000000E+01  0.12000000E+01  0.17000000E+01
  0.12000000E+01  0.12000000E+01  0.12000000E+01  0.17000000E+01  0.15000000E+01
  0.15500000E+01  0.17000000E+01  0.12000000E+01  0.12000000E+01  0.17000000E+01
  0.12000000E+01  0.17000000E+01  0.12000000E+01  0.12000000E+01  0.17000000E+01
  0.12000000E+01  0.12000000E+01  0.17000000E+01  0.15000000E+01  0.15500000E+01
  0.13000000E+01  0.17000000E+01  0.12000000E+01  0.17000000E+01  0.12000000E+01
  0.12000000E+01  0.17000000E+01  0.12000000E+01  0.12000000E+01  0.17000000E+01
  0.15000000E+01  0.15000000E+01  0.17000000E+01  0.15000000E+01  0.15500000E+01
  0.13000000E+01  0.17000000E+01  0.12000000E+01  0.17000000E+01  0.12000000E+01
  0.12000000E+01  0.17000000E+01  0.12000000E+01  0.12000000E+01  0.17000000E+01
  0.15000000E+01  0.15000000E+01  0.17000000E+01  0.15000000E+01  0.15500000E+01
  0.13000000E+01  0.17000000E+01  0.12000000E+01  0.17000000E+01  0.12000000E+01
  0.12000000E+01  0.17000000E+01  0.12000000E+01  0.12000000E+01  0.17000000E+01
  0.12000000E+01  0.12000000E+01  0.17000000E+01  0.12000000E+01  0.12000000E+01
  0.15500000E+01  0.13000000E+01  0.13000000E+01  0.13000000E+01  0.17000000E+01
  0.15000000E+01  0.15500000E+01  0.13000000E+01  0.17000000E+01  0.12000000E+01
  0.17000000E+01  0.12000000E+01  0.12000000E+01  0.17000000E+01  0.12000000E+01
  0.12000000E+01  0.17000000E+01  0.15000000E+01  0.15500000E+01  0.13000000E+01
  0.13000000E+01  0.17000000E+01  0.15000000E+01  0.15500000E+01  0.17000000E+01
  0.12000000E+01  0.12000000E+01  0.17000000E+01  0.12000000E+01  0.17000000E+01
  0.12000000E+01  0.12000000E+01  0.17000000E+01  0.12000000E+01  0.12000000E+01
  0.17000000E+01  0.15000000E+01  0.15500000E+01  0.13000000E+01  0.17000000E+01
  0.12000000E+01  0.17000000E+01  0.12000000E+01  0.12000000E+01  0.17000000E+01
  0.17000000E+01  0.12000000E+01  0.17000000E+01  0.12000000E+01  0.17000000E+01
  0.15000000E+01  0.12000000E+01  0.17000000E+01  0.12000000E+01  0.17000000E+01
  0.12000000E+01  0.17000000E+01  0.15000000E+01  0.15500000E+01  0.13000000E+01
  0.17000000E+01  0.12000000E+01  0.17000000E+01  0.12000000E+01  0.12000000E+01
  0.17000000E+01  0.12000000E+01  0.12000000E+01  0.17000000E+01  0.15000000E+01
  0.15000000E+01  0.17000000E+01  0.15000000E+01  0.15500000E+01  0.13000000E+01
  0.17000000E+01  0.12000000E+01  0.17000000E+01  0.12000000E+01  0.12000000E+01
  0.12000000E+01  0.17000000E+01  0.15000000E+01  0.15500000E+01  0.13000000E+01
  0.17000000E+01  0.12000000E+01  0.17000000E+01  0.12000000E+01  0.12000000E+01
  0.17000000E+01  0.12000000E+01  0.12000000E+01  0.17000000E+01  0.12000000E+01
  0.12000000E+01  0.17000000E+01  0.12000000E+01  0.12000000E+01  0.15500000E+01
  0.13000000E+01  0.13000000E+01  0.13000000E+01  0.17000000E+01  0.15000000E+01
  0.15500000E+01  0.13000000E+01  0.17000000E+01  0.12000000E+01  0.17000000E+01
  0.12000000E+01  0.12000000E+01  0.12000000E+01  0.17000000E+01  0.15000000E+01
  0.15500000E+01  0.13000000E+01  0.17000000E+01  0.12000000E+01  0.17000000E+01
  0.12000000E+01  0.12000000E+01  0.17000000E+01  0.12000000E+01  0.12000000E+01
  0.17000000E+01  0.15000000E+01  0.15500000E+01  0.13000000E+01  0.13000000E+01
  0.17000000E+01  0.15000000E+01  0.15500000E+01  0.13000000E+01  0.17000000E+01
  0.12000000E+01  0.17000000E+01  0.12000000E+01  0.12000000E+01  0.12000000E+01
  0.17000000E+01  0.15000000E+01  0.15500000E+01  0.13000000E+01  0.17000000E+01
  0.12000000E+01  0.17000000E+01  0.12000000E+01  0.12000000E+01  0.17000000E+01
  0.15000000E+01  0.15000000E+01  0.17000000E+01  0.15000000E+01  0.15500000E+01
  0.13000000E+01  0.17000000E+01  0.12000000E+01  0.17000000E+01  0.12000000E+01
  0.12000000E+01  0.17000000E+01  0.12000000E+01  0.12000000E+01  0.17000000E+01
  0.12000000E+01  0.12000000E+01  0.17000000E+01  0.12000000E+01  0.12000000E+01
  0.15500000E+01  0.13000000E+01  0.13000000E+01  0.13000000E+01  0.17000000E+01
  0.15000000E+01  0.15500000E+01  0.13000000E+01  0.17000000E+01  0.12000000E+01
  0.17000000E+01  0.12000000E+01  0.12000000E+01  0.17000000E+01  0.12000000E+01
  0.12000000E+01  0.17000000E+01  0.12000000E+01  0.12000000E+01  0.17000000E+01
  0.12000000E+01  0.12000000E+01  0.15500000E+01  0.13000000E+01  0.13000000E+01
  0.13000000E+01  0.17000000E+01  0.15000000E+01  0.15500000E+01  0.13000000E+01
  0.17000000E+01  0.12000000E+01  0.17000000E+01  0.12000000E+01  0.12000000E+01
  0.17000000E+01  0.12000000E+01  0.12000000E+01  0.17000000E+01  0.12000000E+01
  0.12000000E+01  0.15500000E+01  0.13000000E+01  0.17000000E+01  0.15500000E+01
  0.13000000E+01  0.13000000E+01  0.15500000E+01  0.13000000E+01  0.13000000E+01
  0.17000000E+01  0.15000000E+01  0.15500000E+01  0.13000000E+01  0.17000000E+01
  0.12000000E+01  0.17000000E+01  0.12000000E+01  0.12000000E+01  0.17000000E+01
  0.17000000E+01  0.12000000E+01  0.17000000E+01  0.12000000E+01  0.17000000E+01
  0.15000000E+01  0.12000000E+01  0.17000000E+01  0.12000000E+01  0.17000000E+01
  0.12000000E+01  0.17000000E+01  0.15000000E+01  0.15500000E+01  0.13000000E+01
  0.17000000E+01  0.12000000E+01  0.17000000E+01  0.12000000E+01  0.12000000E+01
  0.17000000E+01  0.12000000E+01  0.12000000E+01  0.17000000E+01  0.15000000E+01
  0.15000000E+01  0.17000000E+01  0.15000000E+01  0.15500000E+01  0.13000000E+01
  0.17000000E+01  0.12000000E+01  0.17000000E+01  0.12000000E+01  0.12000000E+01
  0.15000000E+01  0.12000000E+01  0.17000000E+01  0.15000000E+01  0.15500000E+01
  0.13000000E+01  0.17000000E+01  0.12000000E+01  0.17000000E+01  0.12000000E+01
  0.12000000E+01  0.17000000E+01  0.12000000E+01  0.12000000E+01  0.17000000E+01
  0.15000000E+01  0.15000000E+01  0.17000000E+01  0.15000000E+01  0.15500000E+01
  0.13000000E+01  0.17000000E+01  0.12000000E+01  0.17000000E+01  0.12000000E+01
  0.12000000E+01  0.17000000E+01  0.12000000E+01  0.12000000E+01  0.17000000E+01
  0.12000000E+01  0.12000000E+01  0.17000000E+01  0.12000000E+01  0.12000000E+01
  0.15500000E+01  0.13000000E+01  0.13000000E+01  0.13000000E+01  0.17000000E+01
  0.15000000E+01  0.15500000E+01  0.13000000E+01  0.17000000E+01  0.12000000E+01
  0.17000000E+01  0.12000000E+01  0.12000000E+01  0.17000000E+01  0.12000000E+01
  0.12000000E+01  0.17000000E+01  0.15000000E+01  0.15000000E+01  0.17000000E+01
  0.15000000E+01  0.15500000E+01  0.13000000E+01  0.17000000E+01  0.12000000E+01
  0.17000000E+01  0.12000000E+01  0.12000000E+01  0.17000000E+01  0.12000000E+01
  0.17000000E+01  0.12000000E+01  0.12000000E+01  0.12000000E+01  0.17000000E+01
  0.12000000E+01  0.12000000E+01  0.12000000E+01  0.17000000E+01  0.15000000E+01
  0.15500000E+01  0.13000000E+01  0.17000000E+01  0.12000000E+01  0.17000000E+01
  0.12000000E+01  0.12000000E+01  0.17000000E+01  0.17000000E+01  0.12000000E+01
  0.17000000E+01  0.12000000E+01  0.17000000E+01  0.15000000E+01  0.12000000E+01
  0.17000000E+01  0.12000000E+01  0.17000000E+01  0.12000000E+01  0.17000000E+01
  0.15000000E+01  0.15500000E+01  0.13000000E+01  0.17000000E+01  0.12000000E+01
  0.17000000E+01  0.12000000E+01  0.12000000E+01  0.17000000E+01  0.15000000E+01
  0.15500000E+01  0.13000000E+01  0.13000000E+01  0.17000000E+01  0.15000000E+01
  0.15500000E+01  0.13000000E+01  0.17000000E+01  0.12000000E+01  0.17000000E+01
  0.12000000E+01  0.12000000E+01  0.12000000E+01  0.17000000E+01  0.15000000E+01
  0.15500000E+01  0.13000000E+01  0.17000000E+01  0.12000000E+01  0.17000000E+01
  0.12000000E+01  0.15000000E+01  0.12000000E+01  0.17000000E+01  0.12000000E+01
  0.12000000E+01  0.12000000E+01  0.17000000E+01  0.15000000E+01  0.15500000E+01
  0.13000000E+01  0.17000000E+01  0.12000000E+01  0.17000000E+01  0.12000000E+01
  0.12000000E+01  0.17000000E+01  0.12000000E+01  0.17000000E+01  0.12000000E+01
  0.12000000E+01  0.12000000E+01  0.17000000E+01  0.12000000E+01  0.12000000E+01
  0.12000000E+01  0.17000000E+01  0.15000000E+01  0.15500000E+01  0.13000000E+01
  0.17000000E+01  0.12000000E+01  0.17000000E+01  0.12000000E+01  0.12000000E+01
  0.12000000E+01  0.17000000E+01  0.15000000E+01  0.15000000E+01

